17307 16953 14927 11282 15420 15581 11780 17763 12073 15843 
12083 1864 570 2861 4344 6028 12292 15069 11163 9727 
12869 3961 14453 456 5514 8831 10450 8158 13081 7280 
4305 7623 6286 3105 4639 16953 13650 14148 16241 13727 
3150 12791 14532 16362 6738 8831 5548 16222 6006 240 
1219 11039 3332 3623 2341 1109 5400 1306 356 17626 
885 4265 10549 3281 11606 11181 12083 3332 1864 5084 
11088 14453 6796 10946 2451 5925 16953 10041 7229 12231 
11063 570 2121 6970 12292 6098 1469 3289 10582 10729 
1541 10041 6036 14312 12869 2151 7623 17156 16667 4639 
885 12083 4639 17153 12671 6028 2861 16342 6328 12791 
12231 9470 1179 9591 356 7429 14311 10079 15787 14573 
14724 2121 14409 3426 570 14537 16451 9755 14312 12160 
12073 4265 12965 17354 6427 16271 3863 8831 3961 6286 
4344 14239 14927 3332 12292 4355 2781 5581 3289 6971 
14301 16146 5759 885 10946 570 12160 11606 8115 6427 
8781 16376 12869 8326 8903 5731 12033 10450 174 14357 
12671 12910 9616 12316 5316 4744 14312 4995 6133 1306 
1219 11606 885 3937 16376 7233 12671 4305 12581 4471 
15754 17559 11520 16383 6098 9959 14453 174 14102 8903 
15754 3863 16138 4995 14620 14148 2341 11520 3859 13049 
2742 10729 4355 10606 15295 6719 15562 8378 14046 11489 
885 3370 2742 6427 7415 16342 12292 481 3289 8742 
12910 13461 7233 16376 14312 12298 14148 9110 6828 16127 
2451 14690 9470 3623 8903 16271 984 1427 9959 5938 
14643 13358 16639 356 5180 6859 16521 1718 15562 6759 
14239 4639 15581 11282 15061 6971 14549 14537 1753 1961 
12581 16342 11172 2742 17188 481 4971 14998 9616 7396 
1143 14998 2341 2659 3859 1541 6328 4305 13051 13194 
6036 12231 12160 1961 2371 10582 14537 11181 15787 2390 
16383 11039 4305 3937 1961 10946 17323 17626 11442 1072 
6028 570 3916 8595 14357 5861 1109 15069 11163 13128 
14102 5806 16521 10905 13470 9938 7183 1589 1427 16112 
14102 12292 2912 12965 6474 14549 11606 14620 312 2861 
16376 16878 12298 9110 12910 13461 10377 6828 13621 8839 
15061 16953 14620 4305 17156 4471 14102 2861 1144 16667 
16953 17681 5091 9928 8225 12936 11336 4471 12231 3961 
1201 9627 13613 17559 11397 9050 9253 17087 2461 9959 
8831 13081 6738 8158 5514 16222 12083 2861 240 15996 
2121 13613 6973 9050 12604 6796 6738 1753 13635 13592 
3916 6973 2873 4431 16953 570 6843 6133 1427 4471 
1904 2781 13727 2861 11063 15061 9959 10773 6098 14409 
4344 13592 12869 11606 2742 3370 16342 8158 481 8831 
14239 2781 11063 13727 4305 12869 2861 7056 14960 7229 
16241 4122 7616 3859 6828 16127 3824 6286 5292 13461 
12581 5180 6859 8635 1427 8742 1109 14717 1718 6796 
11039 3937 7634 14620 5495 1109 1904 3961 11088 8763 
570 5925 11063 7903 17087 14311 16739 2121 17156 3755 
2861 15061 11282 14549 16451 16878 15069 11163 269 13128 
2861 8831 8158 6738 6427 6028 2451 16222 240 1109 
7634 29 871 9727 10728 10275 3824 3445 6444 5514 
12292 3289 16271 8763 6205 6832 2451 12689 11520 5777 
13727 12033 16953 11780 7233 17156 1961 10041 16792 17338 
2912 482 12073 6349 17168 4140 12965 10450 11264 11322 
4344 14239 11520 8326 570 16639 6205 3916 15106 12231 
6971 14102 2151 16878 3937 3105 29 1144 4431 10358 
13727 5861 9755 13254 8763 5317 12231 14312 4122 13049 
8158 15921 17525 2359 10619 6028 16498 10371 7415 13254 
4265 16376 4305 4639 14148 2151 14312 3426 12581 7616 
12083 1179 8831 10773 3370 13081 481 2742 15921 962 
7429 4576 10079 14102 12316 11282 14312 11063 7233 7741 
2151 9755 17087 12910 15392 14659 6691 7616 6286 4744 
4431 3150 8643 10357 17323 6474 4355 4950 11336 10169 
14311 12292 14239 1201 14711 17626 6973 10041 16667 11442 
4265 4344 2577 13613 17507 5925 17430 6449 2014 2341 
14998 1469 14453 29 12231 456 1864 6365 17173 6449 
7429 10079 8446 10819 4344 2742 17084 14239 5581 12154 
2861 2781 16953 8326 12292 2151 11780 4305 1797 5570 
12869 7233 7616 29 2151 13592 9727 13762 9187 5774 
12292 15061 1219 12337 1144 17626 3937 14102 11442 17307 
6286 6205 6427 5400 11282 1904 7616 15069 11163 15061 
757 11336 3937 15204 14102 10169 1961 7634 16881 3859 
1864 4471 1469 6028 16968 12337 14927 13846 8781 298 
6385 16376 4122 16878 14102 4576 11836 8392 11264 16338 
11606 1904 6971 3623 6133 2341 12731 606 1101 3863 
6449 17173 12791 14532 16362 2577 3874 16301 12833 11606 
12880 17153 17156 8903 13727 14549 9470 11606 1904 14239 
14102 11811 8392 17168 4431 12965 11313 11606 17323 2371 
8326 5514 10773 14357 8831 356 11164 4639 10582 3370 
11520 6971 16376 9339 3961 14239 14409 10606 6719 8742 
14102 14312 6286 12731 16764 12298 10377 9110 13461 2611 
14453 4265 15886 4355 3623 8595 9339 17156 2861 11063 
6385 11088 5861 10946 14620 14690 3281 2861 11811 11163 
12316 7616 9755 15581 6286 6971 7233 17168 10358 9187 
11063 12342 12917 15061 5471 12083 16241 9339 17307 6349 
3961 10946 2371 15645 12154 12337 456 13080 14453 7429 
15069 11163 269 2151 11282 16710 12183 13128 12529 16383 
13762 14311 10041 10374 16138 9959 13101 14927 15061 3961 
16376 10946 13254 6205 12298 6133 6474 8643 1904 11076 
1864 312 5308 8437 1072 11270 9938 15306 2941 5326 
16881 570 5084 6286 29 14102 15115 885 11039 16138 
5495 14312 10946 17323 5400 16241 3937 3426 6971 11076 
16376 15106 6970 8903 12316 16383 12160 14312 7232 15754 
11282 15123 5316 15204 16241 12469 7616 16953 7744 13922 
5495 10357 4971 3824 8386 10905 15115 2371 4589 5694 
12581 5990 13254 17323 3863 1718 5153 12689 5317 9441 
13650 16241 6385 5316 6971 14312 15204 4122 14366 10167 
12581 6205 11811 14102 6286 11021 3105 10549 3281 3370 
14239 4576 9110 12292 12298 16953 16138 1143 15843 16878 
1219 11282 3961 16376 1179 12581 4639 16764 15921 4950 
6028 6859 16342 6796 17386 2121 12689 11646 4344 2390 
11442 3426 17626 10167 14239 5495 13358 14537 3961 12160 
5225 6449 2577 16702 9169 7903 17327 8845 1699 16200 
12292 5731 16376 12869 15123 17156 2371 3289 13922 14312 
3623 9470 6449 481 2577 17173 3874 3899 2742 2014 
7634 3937 3150 14537 5084 16881 3859 6041 15787 15115 
11282 5861 3961 3105 2781 6286 14549 14573 16667 8903 
4344 17153 6449 2014 2577 17173 9241 7785 3874 8523 
4639 5731 17156 13727 12292 9470 14620 6973 312 8643 
2861 3961 9339 14549 10946 16376 15061 14960 7056 3937 
12154 14357 12965 3937 10167 11811 17168 4971 16138 14409 
16706 17559 15424 16271 10450 6973 14620 12604 174 570 
11063 12231 8326 570 13592 4344 11021 8158 481 2742 
2861 11520 11282 4431 5731 5938 984 2451 14583 9235 
9616 8643 16953 17323 7192 12160 1179 2371 6205 3105 
4995 5308 11270 8437 16953 17168 5581 15306 1109 11780 
7744 1864 15757 6028 14549 12231 885 11282 5925 8643 
8326 174 8595 570 17156 9591 11282 12160 2861 4344 
6973 11063 11282 4265 14102 17156 2861 174 12292 13922 
10549 15115 7415 11489 2873 15901 5084 15921 15645 14214 
16241 11811 11606 6427 442 7585 11572 5560 3797 6738 
16451 2371 12160 3937 11088 14620 1904 3426 10946 7192 
2912 17168 11021 11606 3623 1427 16081 5737 3874 17478 
5861 5925 570 15424 5923 2341 2121 2177 787 871 
7766 12469 9470 12917 11021 5861 14381 8781 14690 17323 
13080 5084 3370 11811 10905 9414 15470 272 15062 4971 
15424 8903 14549 3150 13613 6973 16968 12292 7232 14381 
2742 11606 10946 4305 4265 14311 16376 570 8831 6738 
11811 5925 6028 14312 16376 4431 8686 9253 2177 9885 
2861 190 12154 16953 11520 11606 14711 15106 6971 15204 
11039 29 11811 17156 4639 16878 3961 7623 11282 16376 
3370 12581 13613 4950 16639 12965 3281 885 14148 11313 
2451 1904 13358 11520 16881 15843 9339 14537 9755 8763 
17354 4355 4042 13922 5806 6036 13470 6449 2742 16521 
1306 14312 11676 6971 14148 6385 12910 12298 6691 10377 
13049 15581 1144 7616 13461 4995 6691 14148 9339 5316 
16271 8903 14549 12869 11063 10041 13727 17156 12581 16953 
8763 7330 1219 1306 4950 15470 3755 9470 11076 2861 
14409 11264 5495 8686 17087 29 13049 4305 11088 4639 
5581 6286 3961 9627 11780 3937 16264 10041 11520 14409 
11520 12869 2861 16878 11282 2451 10041 8326 797 2429 
10450 17156 5084 12917 12869 10041 15393 11164 5514 5731 
4576 6973 11088 14998 11151 6970 12581 4344 13727 4639 
1904 29 17307 16081 12083 10582 14409 1494 15763 5291 
885 3150 14102 2912 15754 3916 5344 11489 15393 17440 
11606 11811 13254 1072 10274 757 16706 17173 5990 3874 
2451 11520 8903 14239 16451 12073 3370 17681 5091 9928 
885 14102 13080 11606 11039 17323 14453 5180 456 15645 
6286 16342 2742 3370 481 787 8158 2802 2121 3729 
6971 15204 12469 15123 17168 12910 16764 2199 10122 1809 
11148 12469 1144 10358 10374 13301 757 2742 6407 15562 
16667 6385 1179 5316 3961 14690 9470 11088 1961 1904 
14549 12671 12869 6738 14301 16146 5759 8115 240 16222 
8446 11780 2781 13080 17084 10041 12890 3105 2151 3937 
2451 11520 16878 4305 1219 12917 7192 5938 11442 17626 
2121 8158 10450 5514 11606 570 8831 10773 14381 9597 
12581 29 11039 6028 7192 11181 17430 3863 5238 6029 
16376 7233 15204 14312 8595 12316 5861 4305 8903 16953 
10041 8595 2451 17087 7056 7229 5581 11520 16264 9253 
15393 6738 10041 8158 5761 5570 10819 12965 5581 12581 
2121 15123 12581 6973 4971 2742 6843 14312 1864 1306 
15581 12869 3916 8595 6796 1753 17156 8903 13401 16764 
4305 14312 7233 16241 16376 13080 15204 13650 14279 5560 
11021 2341 5613 14453 3281 12231 29 17354 8643 4344 
12316 15123 15581 6286 14312 6971 17168 16953 17323 6385 
9591 8914 14311 6195 14239 12154 16667 11336 1624 16264 
4995 8446 16376 12469 7623 17084 11676 12890 16667 14366 
12316 312 1144 13461 16764 14711 16127 5938 984 482 
12910 7233 15123 12671 5316 6971 3426 12917 6691 1306 
14239 787 11336 328 12784 7903 5400 6973 4344 16968 
17338 9959 6195 7232 9591 9425 5731 1469 8805 4995 
4122 1904 4655 11021 16878 15123 17153 16764 10582 17156 
1961 14453 16881 10729 4431 2451 2341 11021 15106 5495 
11606 13358 14690 15393 14239 16383 6028 174 6449 14381 
12731 2371 4995 3623 5180 2912 14312 13080 11039 12581 
11336 16878 7623 6036 2371 10169 9050 16081 1201 5317 
10358 6286 9616 7233 15843 4995 7623 3105 29 9755 
4344 11021 4639 16639 12292 16706 12083 7616 14381 16241 
16138 14549 14102 11282 16376 3937 15581 4305 1179 17354 
3859 3105 4655 11282 570 5925 312 9755 13101 17307 
6286 4639 15581 7616 12434 3609 1797 6385 5495 12512 
14312 7233 11606 9339 6286 5316 4122 1109 10358 1072 
7744 12292 6273 15106 16667 11676 482 4576 3105 15843 
405 1072 5238 3863 8392 10905 5153 17404 5326 16356 
1864 16878 1109 13461 11811 1961 11148 4744 6474 9616 
11811 5084 13358 8643 3916 4355 15787 8386 13254 17763 
8392 1072 405 5326 5238 11133 9938 16356 333 16521 
11282 2121 14549 8326 17153 10773 2341 12791 14532 16376 
7616 6286 15581 312 7623 4639 10358 12231 4122 13049 
6195 14690 4639 4305 11063 6286 2861 13613 8914 6028 
4431 15581 13101 4971 5938 1961 3859 4950 14717 10122 
14366 6385 3623 16878 12869 17156 12469 5344 11282 15123 
11520 11811 2451 13080 8643 11088 29 7056 7229 14960 
11088 10041 3924 16603 570 3961 5317 15843 17087 12869 
16376 885 4265 4576 14381 1797 17307 1541 4122 9616 
8763 16138 6832 3924 10374 10358 10157 5317 15057 3859 
12298 12671 16376 2151 4305 14620 6843 15204 6286 12910 
8158 16271 13592 8326 14620 14357 12791 14532 9597 5514 
12671 570 16241 12581 12316 14102 4344 16451 3370 4576 
14711 10377 2781 6973 9470 11676 1904 6474 14549 11181 
15843 15901 7415 5155 4042 14939 14780 8957 15951 16871 
6691 12671 9339 6205 14690 4042 6029 17307 15106 13922 
14927 6796 12154 8326 14711 8595 5581 16383 7056 7229 
14311 8781 1109 10946 3937 1179 14312 14102 16878 4265 
13080 16878 4265 10357 2873 3924 12337 2371 6133 5495 
16241 15581 14312 7233 14537 13080 2151 12910 11148 14239 
3863 2341 5990 10230 14889 12689 1718 13672 8392 13272 
1904 5861 6273 7744 6328 5292 6029 9959 4950 5344 
3150 1469 10582 12154 3937 5495 2371 5400 10946 15901 
9470 3281 1109 4950 15787 1961 10582 4355 2912 6474 
885 570 5731 12880 14998 16878 16376 1904 7616 12671 
14239 12337 12154 14102 3445 14868 472 11442 16639 1740 
17168 11676 6971 11313 14573 16127 5292 1541 17404 5238 
8763 2781 10357 14102 14312 14549 7056 12869 7229 6205 
11282 6286 6971 17087 15581 14537 12469 13650 16953 9616 
12292 8781 11063 3916 3281 3150 2861 11811 5861 2121 
3924 14724 14239 14659 10169 14583 9235 11336 10417 13662 
11063 2121 4344 6098 10450 570 9755 10773 4726 5471 
15392 16881 9616 5400 12671 2781 312 16667 14102 482 
16271 12880 13358 14102 12869 11811 1864 17168 6036 1179 
9616 10819 4639 11076 11088 3370 4344 10946 4305 11282 
17156 11282 16878 14148 3924 7363 1143 2208 10377 12298 
570 3961 5084 4305 1864 7766 2341 14998 3370 12292 
16968 10773 13846 11606 15123 3859 16383 6273 9188 6328 
1143 3623 15069 11163 2781 7623 13358 12581 269 13101 
6970 3150 2912 11063 6796 14357 7192 2802 15420 17763 
13672 3078 6691 17559 16667 11780 11811 14537 7192 4639 
11088 14102 1179 12671 11021 14312 9470 4042 7280 14409 
12869 11088 3604 16451 7232 8903 13592 8831 14381 17763 
11606 2873 3332 14239 6427 17168 10946 3937 15204 14102 
5925 8781 15424 3924 9959 5570 11063 14481 8595 12316 
12581 10582 14049 3604 14184 11264 2579 4344 13886 12507 
14312 11811 14239 13727 3937 14620 11282 3150 3961 17087 
11520 2451 5180 5938 14711 16451 1904 12731 10729 11181 
9616 11606 3623 12581 7634 4431 16081 312 757 17307 
2121 14381 14357 14868 14481 13579 9881 2429 6328 8595 
14102 11811 13254 2371 12965 13358 12731 10549 1219 757 
8595 8446 2161 15860 4995 8467 17084 17306 11151 12890 
3445 7429 2889 240 7766 16222 7178 10079 11088 7056 
1864 2341 4344 11021 1469 2742 6449 16342 11172 356 
29 1904 12581 6028 7429 8446 10079 17084 5613 16706 
12231 6028 16138 2151 11063 6385 3859 11836 10157 16338 
12671 3281 6205 17168 885 16878 11021 17156 10729 14301 
10041 12917 13613 12033 16376 16451 14690 15106 7766 3486 
356 11606 4431 6449 17173 7785 17188 11172 442 2014 
5084 15470 8446 1427 14301 16146 5759 17084 8115 2451 
5925 11021 2121 6973 10041 4355 11313 9470 17148 196 
2171 787 16586 6028 8534 11088 12231 14620 1904 11063 
7429 4744 6385 4995 15754 29 4655 5180 11520 6407 
16878 4639 8643 12073 17168 6286 3623 3859 312 11836 
1219 17156 15843 11063 4305 12316 12581 15424 570 13254 
6286 7233 5316 16376 14148 312 8392 1144 11148 11676 
14239 885 10549 11520 6973 2451 2912 4305 1904 1864 
12073 2781 12581 4265 4639 12316 12869 17156 7585 4576 
10041 12337 4305 7192 5581 16264 17156 8446 12917 10946 
13727 6286 14549 11780 9339 12469 15123 11606 12965 14239 
11811 16138 12231 8781 15424 17323 1541 2659 15069 11163 
6973 4344 12292 12231 3961 17681 5091 9928 1469 8225 
16127 13650 5292 11606 14102 9339 12671 2659 15754 9188 
4265 6133 13080 14537 15843 2371 4589 7936 6036 8386 
15754 17156 11282 3937 570 10549 14690 17153 8903 8326 
2781 1904 10041 14311 10819 13727 15123 5316 5495 6286 
3937 1109 11021 2912 14239 15106 11520 8781 1961 2451 
14549 8781 7634 16376 12316 8643 7766 10582 4305 10946 
12337 10041 2451 2781 3370 7766 14311 7229 11520 6205 
14239 10357 11811 885 11282 3623 10946 5495 15115 4431 
29 16376 15061 3937 14549 4744 9755 16138 2151 6970 
12791 14532 16362 16062 8316 330 6006 15295 13438 1254 
885 5316 11021 12469 13080 11181 4431 1904 1144 14537 
13080 3937 14102 16376 3961 13049 2781 10946 190 14620 
7623 10819 11282 10041 9627 16667 16264 5581 14409 11780 
7616 11063 16376 312 6970 16706 1427 570 6286 2781 
6286 7616 14312 16878 6971 16376 16953 4655 17153 15424 
1219 16878 5084 6828 15392 15562 12298 9110 16764 4950 
16376 11780 2861 2161 15860 8467 17306 14537 16953 17168 
14357 8158 5084 3150 12154 3281 1904 8781 5613 15424 
15123 8386 4971 1219 13650 16376 14711 16953 9881 2390 
16383 1904 16376 16953 14312 4305 7233 12316 17168 1797 
6970 6028 5861 4305 14690 3370 7192 6796 13613 16271 
14102 11811 12154 2371 6036 2451 6133 6234 13762 15645 
12073 4265 15204 6971 11520 5308 15123 11270 15581 8437 
6133 5495 6971 11021 3937 885 3961 15123 16376 3637 
12292 5925 7233 12869 1904 14549 16241 5613 1179 5861 
14239 17156 10041 3961 4305 13727 1904 15106 1109 2781 
9339 15106 14148 17626 11442 12880 12337 10853 1641 17214 
7192 6973 4122 5308 11270 16376 8437 3077 2937 5413 
6286 15123 4655 10041 12292 14927 3289 8158 9597 6738 
4431 14409 12154 15921 12784 11606 2341 14148 13922 3712 
2659 17440 13391 10819 5570 6614 2208 1143 12033 15061 
10041 797 6273 9959 6796 8903 14620 14453 16376 13727 
12292 2451 11520 14239 5514 7585 14279 14357 6098 3797 
8781 5613 1864 3150 12231 11811 2912 12083 8643 15424 
8903 4639 3961 2861 14549 14620 4576 312 17153 2151 
12581 6858 5400 15204 29 17354 4971 9644 15115 2390 
14148 12671 13650 17168 6843 13049 5495 17323 2151 1144 
3281 11606 2341 2912 17173 2742 3874 3370 481 442 
6028 16376 15123 7744 3370 13592 5923 6474 6205 1864 
14239 10041 7233 14620 14312 16383 10549 13650 1797 7766 
16376 17156 1143 15123 12316 5938 4431 16241 16878 13650 
12231 6286 17087 15843 11780 12073 11336 4431 7616 3859 
885 1961 3859 4265 5344 6427 11039 2371 10946 3916 
13049 4355 5344 17354 14312 7233 11811 17156 11313 15645 
3281 12965 12581 2742 14301 5759 16146 8115 13358 5861 
2371 6970 13049 3961 5084 3623 14573 6973 11181 6036 
5317 14573 2121 6041 17087 15392 2094 9591 2341 3916 
13358 3105 1109 6028 4471 1541 14573 6385 7616 6286 
4431 1961 1144 6286 14537 15204 29 6036 16081 6858 
7233 5581 16376 14312 11606 16264 885 9627 16953 7766 
16953 14998 14620 15106 11811 8326 2781 1109 15069 11282 
4995 3637 16383 4744 13101 1144 15123 6385 1306 16241 
14927 6614 15843 11676 13727 14690 16878 17153 4544 11063 
14311 3637 16881 1219 6843 12469 3150 3426 5053 6971 
16376 12154 6738 16451 12337 8831 240 16222 15921 17525 
8326 5861 13727 174 11181 6133 2451 14239 7280 14868 
7616 3961 4431 14102 1904 15123 11282 12581 6474 3370 
4576 1904 15754 8781 1718 9616 16271 1143 3961 5225 
2451 14102 11282 2781 14690 13727 11520 16081 12292 3961 
12292 5581 4305 8643 6738 3078 7229 10041 7056 16264 
14620 9339 15581 16241 5316 12469 5495 8742 6509 17626 
7233 16376 16953 17087 16127 5292 12784 14366 9339 5495 
15581 14549 14102 14620 10041 2161 15860 1797 8467 17306 
10549 3281 2341 5495 6474 885 4265 10582 8392 12154 
1469 6973 4431 3281 3961 6028 4305 14549 16376 10946 
12292 3289 5316 29 2873 1179 4576 8763 14927 3937 
6036 7056 7229 10946 14960 2451 3623 11282 6970 13727 
14366 14357 2451 14311 3859 29 15843 16881 885 16878 
12581 11676 4431 8643 10549 4355 14998 4950 14453 456 
12073 5570 11780 12337 15115 12292 11520 1797 1072 14927 
6286 9616 312 11270 5308 3077 15306 2937 8437 15688 
4995 6286 6474 11148 2151 1144 12671 12910 1219 1306 
14620 10946 11088 14711 5925 6028 570 12965 174 3150 
7233 2912 12316 17354 16521 885 1072 13922 9188 6133 
12154 2371 14239 11520 1904 16376 1219 1306 11039 6036 
15204 13080 12469 6843 14711 9755 13727 12316 14312 17156 
9339 14537 12231 12298 6286 1864 3370 2341 10377 9110 
5084 14549 3937 1427 4122 1904 6691 6286 1179 6971 
6205 12581 11606 11039 12231 12160 885 11021 2121 3370 
14357 5613 6028 14620 13727 10946 14381 2464 8831 5537 
7616 13080 3961 9755 10946 6385 1306 16706 1143 11282 
14711 4576 15106 4265 13727 11039 13080 13049 9959 6385 
6028 13401 6036 4950 10729 3755 11442 1306 4355 17626 
3105 1904 2912 12965 8742 2451 7616 3961 10041 13727 
788 9592 6098 17318 16953 6204 9959 7927 6973 3426 
11606 3370 10946 5861 12231 570 2912 5084 6449 17173 
12292 17156 12604 9050 11397 3289 13301 11336 13635 1201 
5316 3937 1144 2151 3961 6205 17323 7616 11148 6858 
4995 16127 7616 16376 16667 12298 15123 14549 6286 14366 
3637 5316 1306 12469 11676 5925 3859 15424 14357 14711 
16383 15581 14537 10946 16127 2151 11811 12316 14148 11148 
6133 17354 12581 4471 2371 4971 190 12784 11442 17626 
8595 3604 7192 14690 6973 3961 14549 12869 5861 8763 
14711 4995 5495 5316 17168 16376 2151 15886 16241 14366 
17087 9470 9755 3859 5317 2094 12298 9110 10377 15577 
12316 13080 482 4305 4431 7616 15843 13401 6349 3637 
16667 4265 4471 7616 15581 12910 14537 7429 10079 7741 
5613 4391 6970 14239 14357 5091 17681 9928 17559 12292 
17168 17323 4431 12316 2781 1961 3637 16706 5317 14573 
12073 17626 11442 14620 12337 3604 14184 3937 17473 16595 
10549 12581 14148 15921 7330 3332 7232 10377 5317 16356 
11811 17323 16376 17354 1904 7233 2912 5316 6691 1072 
5400 16376 12581 10549 4950 12910 11676 3937 10167 14998 
14357 8781 1469 12231 16451 10549 29 7766 14239 3370 
13080 12581 1109 13401 10549 16376 13727 3281 10582 12910 
6427 7229 14239 7056 570 12869 11811 14960 6098 4344 
3937 6971 10946 4995 6474 11811 17323 9143 14239 5317 
11088 14239 14690 11520 1904 14620 2451 2121 10450 3924 
15106 4431 13727 11676 5925 13613 6036 1427 4950 11336 
10450 4344 6028 8781 5514 16271 11164 174 9727 8831 
6973 5861 570 2121 16968 14381 5923 13846 2177 5990 
5923 6973 12880 14620 11282 12581 14301 5861 13358 5925 
6286 6971 12316 15204 14102 9755 15123 12160 7623 1144 
6427 3863 5990 9527 5238 17404 5153 4632 13672 6738 
13650 9339 11282 2781 17156 6286 16127 14620 570 7233 
6973 570 4344 2659 13922 12342 5168 17440 16414 10224 
16271 1179 17156 1219 14549 11282 3281 7280 6205 4431 
15886 5581 7056 14960 14690 1904 14239 7229 10946 9627 
12231 16138 174 5731 6028 15069 11163 269 16710 12183 
14312 16878 12316 6971 15204 16241 12469 14366 17168 9339 
14148 11063 12671 10946 11088 13254 2861 9616 17323 13101 
4122 7623 3105 9616 6970 11076 5308 11270 8437 15306 
12073 15843 8903 17156 3604 1179 9339 7623 17153 17626 
12298 4042 16138 17307 9110 7744 8643 16383 15061 14049 
15581 16376 1144 312 11811 16878 13461 15843 4576 2151 
15061 5316 6385 1143 1541 8742 9050 5180 8294 16081 
4471 1904 14537 14409 6286 11606 7233 6028 29 12154 
14549 4639 12292 885 16376 14312 10946 11181 1904 16383 
1904 29 14453 5923 11181 456 2177 6029 2579 6449 
3916 16639 10274 289 13922 5694 4828 5400 15408 1072 
6973 12231 1864 15581 5613 3281 570 2121 14357 2464 
7192 14239 14357 11520 2451 16878 15106 15123 9339 11442 
3937 15106 3961 10946 11076 5400 10357 14357 6858 4305 
1864 13080 14690 9470 6133 11313 3824 8386 4589 4355 
16953 13613 11676 6970 10041 16706 14453 9591 9339 16764 
11063 14453 15393 2451 11520 3150 5990 16792 6204 16791 
6738 12292 12073 29 16953 7192 12965 2912 10041 2161 
16376 9339 4995 1306 16241 16383 6843 7233 13650 1427 
885 5400 6133 5344 8742 6041 4950 2371 15787 14239 
16667 12316 6971 16953 12469 4305 12910 13650 9339 16241 
12292 6970 14453 13727 16383 1904 5581 9591 14549 14690 
4431 3961 15123 12581 11606 1904 15754 16138 10157 14301 
13358 10729 8643 1427 14312 5316 7233 16451 11520 6029 
5495 14690 3961 15204 3937 14311 9470 12784 2781 14148 
1306 6843 9755 1219 7623 12671 13650 10549 16383 12316 
11088 10946 17354 2912 11282 4431 4950 14409 14927 12154 
5861 14690 5925 11676 1109 15106 6036 4995 16301 12833 
4995 6036 1904 14148 5495 17168 9755 2912 12160 6971 
2451 8595 3859 4576 11520 2151 13080 10946 15106 15581 
10167 3637 12337 5180 14717 13254 5317 6328 14998 15562 
15123 9339 13080 17168 14312 7623 17156 16953 3609 12434 
11063 5925 9755 15392 3937 12083 6028 17087 15424 8763 
12292 3289 11063 2121 12033 10831 5514 11164 16792 311 
3623 11039 1427 9470 1306 16376 3961 6843 14148 15470 
14301 16146 5759 11063 14998 8115 11151 11282 16376 12160 
14620 11780 2451 16953 1904 1109 3937 3961 11520 14239 
13650 6286 4639 16953 15581 16383 7233 17168 15123 7623 
11811 17323 11606 1072 5326 9938 405 5806 16112 5238 
2341 11151 3332 4589 17338 4971 12837 17148 196 3712 
4576 6286 12231 11021 6205 5400 11780 1961 12073 11151 
2781 14549 7766 12869 17156 10549 8326 885 14381 6973 
1541 8903 16451 885 3105 17307 6286 11282 16878 2659 
11282 14620 11088 6028 15106 16271 13672 481 3370 16342 
14724 11606 11520 12154 5400 885 1961 17087 11021 3150 
9959 11520 15061 10041 7616 12469 7056 7229 3105 2781 
5925 17354 9470 1904 3961 5400 1961 15106 1219 7280 
15204 3937 14690 10946 13650 12917 4305 14311 14409 14573 
2371 12154 6133 6036 12337 3637 3863 11442 9441 2185 
15424 8781 12581 2861 16376 5613 11021 12231 17156 570 
1702 3445 14927 1469 4122 11264 312 4329 11039 3370 
1797 9339 16241 15123 12671 6971 17354 16953 12434 3609 
12731 3623 11076 13080 6971 2912 12965 3426 15645 1718 
1904 12231 16451 7056 13727 1469 7229 14960 2451 11088 
12292 17559 10041 14927 570 15754 11063 9591 17087 12604 
11076 3937 1109 17156 2371 14620 17323 11336 1306 16881 
6286 8686 16376 5861 15106 4355 9885 7429 10079 11676 
7508 3683 16551 15123 1904 190 14620 3961 11858 12231 
14549 4576 5495 12869 16878 2861 16241 16376 11282 8595 
14453 10450 15921 5514 11063 5861 10773 14690 14301 16146 
11151 9470 17338 11063 17168 1864 17354 8805 15470 6973 
11780 3924 9470 16451 16953 11442 10582 482 15123 12316 
13391 11088 2659 7623 11063 7363 17156 4301 1143 12869 
17153 4305 12869 16376 17156 6286 8903 4544 13922 9727 
2451 8595 5925 5923 4431 3150 2161 12316 2121 14453 
11282 15123 9339 13727 11148 15645 2199 13922 1614 5292 
5581 9627 16264 1405 14663 2289 11489 6407 3462 12033 
570 15106 3281 1904 7233 2151 4344 1109 11063 11021 
17323 13254 6738 14357 12073 240 12298 16222 9110 3314 
14239 5861 11063 13727 16878 6028 11088 12160 14049 4122 
3937 14620 3961 14049 9253 12500 14663 5471 7232 7778 
14620 17156 17153 3961 12869 11063 12160 5861 16376 14312 
10946 8595 2121 14690 10549 5495 14481 5731 14868 16271 
885 757 2579 5990 6858 16081 13581 6365 298 2371 
16706 13461 11520 7623 12292 8595 11282 14239 16241 3937 
15123 5084 190 12154 12784 6286 5316 1961 15581 13049 
12292 2451 7229 7056 11021 12581 29 11606 11039 14960 
14711 6286 9339 17323 3150 2151 11282 15204 14102 4122 
3426 13662 11190 9235 10417 15608 4042 12337 12917 356 
12731 2781 12292 12869 11021 885 6286 1219 16667 2912 
14998 14453 11780 16878 15106 4639 2781 8686 1179 13727 
5180 1109 11021 6028 4950 15562 4042 3937 6859 298 
15581 16376 12469 16878 12671 7616 15123 15204 12910 15843 
1072 17323 15115 5238 5326 405 11811 9938 17404 8392 
15123 14102 5316 1109 8392 8326 13080 1144 2371 11278 
4344 2341 8326 570 10549 6970 13613 3150 8643 11021 
8326 12292 3289 6738 12791 14532 16362 15921 5225 8781 
5923 5613 4355 570 1904 12581 12965 3281 16146 5925 
14549 3961 6028 13592 11606 1864 2912 2121 5180 3916 
4431 29 12581 9470 3961 1904 10729 11181 16706 1961 
2121 1904 8781 11063 4122 4576 17168 6973 570 11021 
5053 11336 2451 14453 16878 7766 4122 8763 15123 6286 
7429 8781 12231 3150 10079 1864 16968 7616 7741 13846 
5400 16241 5925 4431 10167 15424 14312 17168 16706 2341 
4122 3105 16383 4305 16376 11282 4639 14148 12298 9110 
3281 11021 11606 10946 3937 2341 885 13613 16639 7785 
13049 4122 6286 14537 16241 15204 7616 13101 6843 14711 
14711 6036 1427 13650 17156 14312 2151 12316 4265 11282 
17156 4431 6971 16376 11282 29 16383 2861 6098 12298 
4950 14148 2111 16921 7154 15155 8839 13621 17214 11276 
17323 6427 15061 7056 14960 7229 9527 7785 15393 3604 
14312 6286 6971 7233 12671 13461 15204 11148 14366 11676 
3150 11313 13049 15581 15123 3916 6474 6971 14537 15392 
11282 14549 16376 3961 4639 4305 15061 14620 12073 9727 
8763 4355 15424 6832 6614 4544 17708 16604 16871 15208 
5084 16376 12965 7056 14239 7229 14960 8326 5731 328 
13254 757 6365 3863 1072 10274 14717 15150 16764 14659 
6971 11181 1144 15123 1904 12581 7280 8044 14214 15295 
6028 4576 3961 13727 11021 6796 17156 11282 14998 14711 
13592 6971 12298 7682 1973 6828 2442 7522 16149 2611 
10946 15061 7766 14357 15123 14184 6796 12073 14049 1753 
12469 14312 14366 17168 6971 11148 7233 12316 6286 15886 
6286 11148 17307 14049 5694 356 1469 8763 6719 6328 
9470 15123 4305 5180 16081 1541 2579 11264 757 14908 
14312 11039 7233 570 13254 12671 12910 13401 1427 3863 
14312 14366 3937 14549 5495 8831 6970 4995 12604 5581 
6036 13080 16376 10946 12298 2371 10377 9110 12671 17168 
14409 12160 14312 14690 14366 12784 190 5694 6036 4042 
10946 1109 14453 7056 7229 3937 3961 2451 16376 12337 
14357 1469 11282 17626 6286 11520 10946 11442 2451 7616 
13254 4744 11021 1144 12231 5495 8643 9616 14311 3863 
570 356 6738 12083 8781 456 12231 15106 3150 11606 
15123 1144 13650 13049 6205 4431 14148 14312 4995 14711 
8781 4344 15424 12083 3150 7634 6133 14381 5225 1718 
13727 12869 10946 14960 3961 9339 7229 7056 14239 17156 
15123 9339 12671 11676 16241 15886 14366 13461 482 6691 
14453 2371 8763 14998 12154 14620 1179 13613 570 3105 
14998 4305 1541 11063 4122 12581 2151 11282 6028 2861 
6098 17156 2451 5581 11520 13727 4305 13254 2781 16953 
4655 570 12965 5495 14549 16667 17168 6205 6970 11282 
14381 174 2121 13727 5861 6973 10041 5613 2464 16968 
4995 12671 11676 15204 9339 5316 16383 14711 4950 14148 
16878 312 11039 1109 14239 4431 3426 1797 15115 12337 
14312 12869 7233 6029 1179 6286 11606 11076 4950 3332 
8831 6738 12292 10773 12231 5861 8326 11606 5731 5514 
13592 12231 5925 11021 16639 4344 1469 3370 7280 16451 
3961 14620 6286 4431 8643 4995 6036 11088 8763 5344 
8446 2151 29 17084 12231 12965 1427 14690 17156 3683 
13727 9339 13401 2371 6036 13080 5861 7510 12475 3137 
6843 2781 15204 13080 16241 4265 17168 5495 7623 4995 
1541 14573 2659 11088 3426 17156 12869 9755 11313 12917 
1179 6036 1219 15204 3961 3623 15123 14620 2781 13080 
12160 13401 2371 14537 17354 17323 6036 2912 11181 15886 
14102 15204 2873 16138 15392 14659 11836 7239 6346 5627 
16376 5084 4576 3105 6286 4431 12880 17087 1541 16138 
3961 15123 3445 1797 3863 13672 14409 16953 3924 11520 
6328 14184 13051 2659 13194 1702 16595 14666 4255 4704 
11039 14998 757 6029 15562 5806 13470 2390 1589 6365 
2861 8595 8903 13727 9727 14998 17156 15106 1904 11676 
8805 3370 16603 14239 14409 4355 174 12880 17626 11442 
3426 12154 2121 3332 10946 15123 15069 14366 11163 12337 
12469 16764 4744 3150 11063 6133 11313 3637 1541 757 
11606 14998 6133 12160 4431 11313 12083 5084 1219 1109 
15901 5155 6407 14780 8957 15470 5787 16871 13301 4077 
14549 7766 4995 12731 14453 6133 6971 14620 1961 9470 
4639 4122 14102 11811 6385 6427 6474 3937 5316 7616 
5495 1219 12731 15886 6133 6036 12154 3937 12160 15115 
4639 5731 17087 14453 5581 1864 16264 11811 2861 11063 
2912 6427 13358 17354 10946 6286 17087 6205 11063 4950 
5111 9616 13401 3859 16921 16383 2611 6828 13049 3078 
12033 5731 14381 14927 6204 16451 14239 8595 12292 7429 
13592 7232 9253 5925 14239 5861 10729 1864 5471 12160 
11063 10582 15886 4431 7192 2451 12469 16376 4655 7766 
3824 14711 12154 14927 13461 4305 12917 2371 2781 13650 
15581 10946 14537 10357 16953 16376 12910 15204 14312 4639 
13391 4576 15843 12469 15061 5316 17153 1427 7233 16376 
15295 6858 6204 17156 14690 6973 9591 4122 12292 7192 
10946 2451 3961 4305 11520 13080 1469 15115 14049 8742 
1469 5861 4305 12231 16383 15420 11780 2802 7616 298 
8805 13080 6970 14549 2873 5495 16376 11063 3916 3150 
3937 17323 3961 11076 13358 4122 13613 14620 13254 757 
14868 10041 6098 14357 9050 11164 16271 6195 10819 17156 
3937 9470 2861 4471 885 14711 10946 1427 15106 11088 
14366 5581 2781 10041 16264 12316 11282 10946 1961 13613 
10450 1864 3281 15424 570 11063 12083 10773 10041 14381 
13727 8326 6970 5495 14366 16881 15843 11780 12917 13762 
2121 5861 6973 4655 16271 5613 6098 14868 787 10773 
3937 5861 14453 456 5180 4950 14643 4655 9616 11489 
2171 14711 16586 12784 5102 5495 8534 12469 14549 13358 
9755 1961 11148 15123 14537 14549 4122 13049 15754 6971 
3924 13727 9339 9470 16376 16878 3623 13461 1427 14549 
6205 5308 8437 11270 15306 2937 3077 2941 7157 5413 
12292 10041 16383 6028 14239 12337 8326 3961 14453 456 
17323 16953 2781 4305 14620 1904 15123 5495 11088 11780 
11811 12581 2451 3281 7056 14620 11063 7229 6028 14960 
3863 5238 17404 1072 405 5326 9938 5153 333 17168 
14357 11282 11063 5861 570 4471 1469 14927 14868 12791 
11811 4639 11282 12910 16667 7233 7744 1797 6273 9110 
17354 13080 5316 12337 11442 17323 1219 17626 4995 456 
14711 5495 11063 13080 13613 14453 8635 3637 5529 15204 
5731 11811 29 17626 5344 11442 12337 1641 3332 8742 
14239 16953 2781 7056 2451 13727 7229 14960 11520 14311 
14102 3863 15901 2094 1072 6427 16968 5514 5787 13072 
5317 14311 6036 12292 17087 1961 13401 11088 3961 10927 
7415 8595 7903 6449 9817 3289 356 10819 16639 787 
11811 6286 12910 15069 11163 13128 269 16710 12183 12529 
14239 12033 14311 3755 14711 1797 13613 1904 11442 5938 
190 6973 17354 8781 10549 12784 14239 3863 1072 11858 
7233 7623 11282 6286 2151 14366 29 8326 3755 4655 
12292 3281 12231 11282 17153 14381 3755 3289 10773 5613 
10358 4576 14239 16953 11076 14537 12869 2341 11039 14312 
7233 12671 12910 6971 4995 14366 6828 9143 3609 15295 
12073 8595 9339 7616 15061 13461 6286 17156 3105 570 
1306 4950 2873 757 15562 16081 5806 2579 1427 13470 
11282 1469 11811 3961 3281 12965 14620 10946 6028 7232 
11606 6973 885 1219 356 4971 6449 1072 2341 8386 
2341 6449 17380 8523 5694 2328 9047 8386 3281 16702 
16451 16878 4639 6970 8903 2121 6328 3924 13051 467 
5581 16376 7056 9627 7229 14960 2451 16264 2781 13592 
885 16376 1143 12731 2659 3105 312 17354 16878 17323 
16878 11063 4344 3426 11039 570 11181 17354 9339 14690 
14311 15106 7233 16376 12316 16383 9339 4265 11780 16127 
14537 9470 8643 2873 17307 757 2579 17481 15763 6365 
16639 15069 1864 17626 2861 11163 16710 11442 13128 2451 
12073 1541 6973 14311 14312 14620 1109 1904 15581 11039 
8446 17084 2861 4639 15921 12869 16878 11063 6286 6971 
5495 2912 13080 10357 312 3281 3332 7429 10079 12337 
12469 14148 13650 3426 15123 14312 8180 2611 1427 10377 
15470 14453 4305 190 11520 12784 456 2451 5180 15562 
16376 14620 11313 2371 16081 5495 456 6133 15204 14453 
14312 9339 7233 12316 15123 6691 14366 1494 5291 5737 
17168 10946 757 2579 6365 11264 2742 12496 14363 196 
12298 4995 14148 12671 14312 13080 2151 4305 6971 7233 
7744 16667 3937 1469 3961 6205 17156 14301 7623 14311 
12917 1179 3426 6036 4576 12869 12073 6029 312 2371 
5084 885 15581 14620 12083 10549 3078 5861 8643 14537 
11442 14239 17156 17626 1109 11181 7192 12337 11336 10169 
11076 10946 1219 757 8392 11606 12154 11313 5238 5326 
3824 16881 12917 17323 12316 13049 17156 17168 17354 9959 
4122 4305 570 13461 12910 2151 1144 6286 312 17153 
4355 4042 1961 14409 2371 5495 3937 6036 14620 17354 
9253 1904 14690 2781 14549 11039 14960 15106 12869 7056 
6286 12910 8326 14409 1961 1109 15204 1179 12154 6828 
885 10357 7233 12910 12316 3916 4995 16871 11744 15150 
16271 10041 14239 12292 12869 11811 11606 11063 12160 4639 
14239 9627 5581 7056 14960 7229 16264 4122 11780 12073 
29 7623 312 13727 12160 5084 15843 2861 9727 12337 
7233 15123 15204 14312 6691 4431 2151 16138 15645 13650 
7233 15204 11039 17168 3623 11282 12160 2341 1109 3370 
6973 11520 12316 7616 13080 16667 16383 7056 14960 3924 
17156 5316 9339 14312 17323 15295 16764 6719 10606 4846 
14453 8781 2781 5925 570 16639 5581 14102 2371 14690 
12671 3105 6286 6971 6205 11676 7233 7616 14537 6843 
1144 15581 6427 4042 11088 17559 7744 12917 13922 2151 
7616 11148 7623 15581 6286 1961 3937 14102 2151 4655 
8446 11520 5084 14102 2451 17084 14239 14690 11181 7766 
10450 16953 6427 10041 14381 12292 5514 8831 6195 15123 
13461 5581 16264 6286 14312 17168 13080 15581 12316 9627 
4576 7744 4355 14724 12869 16138 3604 7233 10729 11811 
1797 2781 8595 11148 15754 12434 5938 984 3609 10026 
6691 4995 14711 8386 9627 14690 12917 16383 5495 6930 
10041 17087 3604 9339 6195 1797 17156 12160 15123 12869 
17168 14620 11088 12337 7056 7229 14960 2451 15901 6796 
14239 14312 7056 14537 6971 7229 6286 14960 12671 11148 
17763 298 15061 15420 1753 7616 6796 15069 14952 11163 
11780 14102 16953 2912 14537 6286 10041 17354 1179 13922 
11264 14711 9616 10946 11442 3961 11088 17087 7616 12965 
6286 4305 3105 7233 13461 14148 1427 12298 9110 7396 
11520 3623 3937 10582 10946 2451 14239 15069 11336 11163 
3604 14239 12033 3623 12869 14049 7233 14312 10946 4544 
4122 14312 2121 16383 4576 9959 6098 12033 15754 15921 
7623 6041 6204 5731 2390 174 1641 16791 15232 5694 
11063 14724 13194 10450 15424 14148 7031 11164 5514 9817 
7623 12671 16241 6385 8805 2455 17423 9329 16603 5074 
1219 12671 6133 3937 5495 885 2371 4431 16881 11076 
5938 6971 9755 12671 12316 6286 1797 15123 7233 16376 
3961 1469 6028 570 10582 7056 13592 7229 14960 11520 
16953 6286 16383 9339 16376 7233 16127 5292 1797 6036 
15754 5570 11442 11088 3961 15061 17626 12337 10041 17559 
5225 6427 7903 2171 1864 12880 16586 8534 5925 8781 
8446 1797 4950 3105 16881 11063 17084 14690 13650 16241 
17153 16376 13727 1469 16271 8903 2861 5923 10450 12231 
11780 16881 12083 11181 5180 12869 1109 7903 3623 4471 
2781 15115 8953 1072 11489 4971 5084 5086 8742 14239 
12292 8805 11088 15295 14239 17423 7229 17156 11181 7056 
14312 885 3961 11676 4744 6133 5344 196 7330 2611 
15123 3426 5495 1904 12083 16383 4655 14573 16376 4576 
12292 3289 570 12731 12917 15115 12434 3609 5777 13081 
570 7623 5861 2121 17338 8805 311 2455 9329 8845 
9339 14102 6971 16878 15581 6286 14312 14537 13049 6234 
2912 12910 3105 4122 14312 16241 15581 3916 3332 10377 
12083 4344 6098 4726 719 6029 14868 2659 871 17338 
9755 16138 8763 3859 15392 11336 6832 10169 10157 14659 
2451 3281 885 2121 7766 11520 14381 174 3916 6204 
6028 13613 7766 8386 2451 2861 13194 14724 15424 174 
29 8446 17084 6858 12890 4971 17148 15470 8386 196 
16241 4305 7233 6843 12298 6691 3105 13461 6971 16953 
3916 5495 7785 3370 17188 12689 6205 442 4344 10450 
29 14312 13727 17156 16376 12869 7233 10946 14239 6028 
570 6205 7429 4305 6028 10079 7741 6036 11063 2912 
11442 12337 17626 8742 11811 4950 4744 4042 6509 27 
4122 16376 7623 14549 10167 12298 9110 4971 6828 14381 
13080 2873 17354 6133 9470 3332 7510 12475 14208 15115 
4431 11811 14102 4265 10946 14998 15069 11163 269 16710 
6427 10374 4704 15057 4329 14366 11397 5471 1753 13762 
2912 6970 2861 17307 12073 14573 1541 1427 2451 11063 
13727 6971 16878 13650 7744 7415 15123 16667 14312 16376 
1427 7744 15106 11148 4305 312 12316 16667 3623 8326 
757 2579 16081 2456 16405 6365 10274 5806 13470 15062 
2451 7192 17681 5091 9928 8643 5581 11181 174 12936 
14537 15123 5084 15581 1904 16081 17323 1109 15843 5806 
5731 12292 13650 12910 1219 6036 16953 13461 10041 16127 
1143 17153 8326 11021 2121 16451 17087 6474 12033 12073 
1219 12671 17323 5344 11606 3937 7233 15581 15123 5495 
2873 984 4305 4471 12917 11282 15204 3924 12316 1961 
16953 12469 15581 3937 3961 1904 4305 11148 11088 13401 
6691 16953 13650 7233 15123 14312 2151 16127 12910 17323 
16764 13049 11336 16878 2341 4431 7233 11282 14549 17156 
12083 3281 12231 8326 1864 11021 14549 1179 6970 13613 
4639 16953 8903 11282 1904 5084 4305 12292 13358 10041 
17168 12731 11088 8392 12154 1219 1109 14102 15581 1904 
14537 6286 4576 7616 11282 15581 9339 16878 6971 4995 
13080 10122 1072 11314 9169 7663 12243 405 9188 2390 
6796 11088 14927 10041 16437 1961 4122 16667 8903 4471 
10549 11021 1109 3623 13080 11811 12910 14239 29 13401 
10946 356 6041 1494 5291 4042 5737 14717 11133 12154 
16271 6098 5731 4344 12292 11021 12083 2912 11520 5471 
14239 17156 16953 190 12469 3937 3105 14549 15123 7623 
2912 11063 2861 13101 8326 3863 3281 15061 5990 797 
15123 13650 4042 15155 11887 4950 7154 3904 9188 13621 
5084 14102 17323 29 13358 5316 4355 570 11282 6205 
12298 11282 16241 13727 14312 9959 13401 6195 9110 8914 
7903 12292 3289 885 7415 16739 14589 6444 8831 15757 
14690 11282 15123 15754 6970 15886 17559 5861 7616 570 
17307 11148 15581 12298 9339 14537 6286 16376 7233 4744 
14357 5471 2781 7192 17156 15424 10041 14409 7766 13301 
5514 797 10041 5560 7192 11063 11088 8805 14357 871 
4355 14312 2861 11088 4305 12316 312 8386 14311 12292 
15843 5316 15204 13080 15123 3623 11811 6971 4355 6385 
570 6973 17153 5613 16271 6133 4655 1904 11313 12033 
9339 17168 12671 12910 12298 10377 9110 6828 2611 6691 
3623 15115 16081 4971 8953 1494 5291 5806 5737 2127 
11282 12869 15123 10041 14312 7233 5861 6858 15843 8386 
17323 6286 14312 12316 4122 12671 7233 13461 2151 15204 
8392 12731 16764 11442 14690 1219 3924 2781 17168 14927 
14102 4344 1864 9470 15581 12083 10729 8392 757 16639 
11520 14620 3961 12231 14549 1904 16376 12869 11811 14239 
14927 3924 14573 2161 16710 14690 15069 3937 12183 11442 
6970 16953 14381 11520 1904 17168 16878 13613 10946 1109 
6098 12292 787 6449 4344 11021 12869 6427 885 10773 
12316 570 13592 13411 12472 10151 7936 6859 14666 15115 
11811 7233 15204 6286 2151 5316 14537 3105 11676 9339 
29 12910 15106 14998 570 12316 1469 16953 1904 7233 
15921 8158 8326 6427 6028 11606 13081 17440 3937 15069 
16706 10819 14409 7634 2451 11063 15843 5495 9627 10582 
14537 7616 6385 9616 1143 11270 5308 15306 3077 8437 
4995 12316 6691 9470 13613 3426 6036 15123 16376 12784 
13613 16383 7903 14927 1961 11606 12231 7744 17323 4122 
12231 11021 4344 719 17260 247 2199 8635 15470 12298 
12073 16376 6286 8903 6691 13461 14537 4576 6029 12469 
15843 1109 6036 4431 17354 6029 8392 15470 3863 1072 
10819 13592 14049 3078 14239 11811 6028 7744 14690 13672 
12231 3150 10946 12917 1797 5861 15123 14148 8763 8903 
13613 4576 3961 14537 3937 14549 11282 17087 16881 5317 
2121 174 14102 7233 312 12298 9110 10773 6828 14868 
5861 5514 13613 15424 10450 12791 5225 14532 8831 2742 
11063 13080 16376 5925 174 6973 9755 12671 15424 3426 
6098 12869 8326 8595 12033 2742 11164 3445 174 11063 
14453 7056 3916 15069 11063 11163 16710 7229 269 10946 
1904 6028 5084 7429 10079 15106 8386 885 11313 29 
1219 17156 11039 4655 14537 11282 6205 12869 14239 14549 
16376 3961 4305 11606 14537 12671 3078 14549 7233 6385 
15843 10358 11606 11282 6385 5316 11148 1144 14312 9339 
11811 12581 6028 3863 10549 10729 1469 16081 1072 5238 
8903 6796 8763 5731 11270 5308 4355 328 6719 14239 
11282 6133 3105 3961 10946 7623 885 3937 11088 14779 
2451 16881 11520 15470 3824 6828 6496 5529 2565 4788 
13613 12083 2121 5925 1864 5613 570 16878 3281 11063 
6474 7229 7056 14960 2451 11520 5514 11164 10450 8831 
15069 11163 7429 269 16710 12183 13128 11063 7616 8781 
2861 2781 12869 5925 11676 570 1179 14453 456 16451 
17153 8595 4471 17681 5581 5091 5938 5292 11780 8225 
5613 16271 7429 14357 15424 10079 8158 13613 14381 570 
5153 16356 3332 15645 6449 7330 8392 14214 15901 2921 
5316 6286 1109 15754 11489 17559 5806 9204 7232 9616 
11151 6036 8595 2781 14311 16667 12160 14620 3961 16383 
4401 17003 7744 16498 17153 11264 12292 15464 4355 8326 
5581 2451 11520 7056 13650 7229 16264 7233 14537 10946 
8446 17156 7056 11063 14549 7229 11520 3916 2451 11606 
12316 9959 14312 6385 14589 1798 3445 1797 1743 6195 
7192 5925 14239 14549 12869 1961 9470 12337 1143 6328 
12316 12910 15204 1219 10582 7766 12469 12671 885 7623 
1219 12671 16376 5731 12298 1109 10549 7233 10729 5316 
8781 12231 11282 570 6028 4655 16383 4639 17153 5731 
8781 15204 2861 1219 11811 6036 8763 12917 7616 11606 
8763 5317 16706 17087 6832 15843 1201 12342 12604 5084 
7233 13461 12316 9755 4995 14148 10377 14711 8635 7936 
7744 2861 16667 14312 6286 4655 4305 13461 13592 7280 
12869 1109 17156 11606 1179 12160 3623 15106 885 2781 
16376 7396 5627 606 4122 7508 12033 707 3253 9143 
10450 5225 14239 15424 11063 7056 7229 2121 8326 5861 
17307 17354 15754 16764 11282 1143 13762 4122 3916 6028 
14549 5861 1904 6205 9591 2861 6028 6970 4471 7192 
1864 6133 7429 10079 12581 3623 7741 2111 15787 16968 
14409 1306 3859 10167 3961 17156 6205 16667 1427 16383 
4995 1306 17323 12671 12469 13650 6286 6385 4122 16376 
3426 14711 11088 12671 5344 4122 6286 4431 11282 16878 
11282 16376 4639 14102 7415 15123 6427 17156 4122 7233 
13613 2451 6133 312 8903 17156 16376 4305 10549 12581 
14366 7233 7616 5316 13650 4655 2151 1109 11282 17168 
14312 7233 13461 17168 13080 14366 1427 11314 13621 7154 
8326 3604 14049 12033 14184 10831 16792 13072 13628 5787 
12316 16241 6691 12910 12469 14366 4995 9143 8180 2199 
16968 6796 5925 8781 1864 570 12083 6970 15061 4471 
13727 6028 15757 2861 17763 3729 15420 13613 12073 2802 
11063 1469 3604 13592 3859 16881 5925 16878 3370 14312 
2151 15392 14659 14537 3859 11148 1961 1144 8763 6832 
12604 6970 11676 6843 14453 5938 1219 3105 984 15204 
2861 11780 13727 12316 1469 1904 11039 3937 13461 16878 
13080 12869 12292 29 14357 3289 12033 14998 2861 15106 
3924 3623 12581 14998 11811 570 11181 3370 6427 467 
11520 2451 3937 3445 3863 3961 10946 14620 11088 14239 
11063 1469 12910 6449 17559 5471 2577 16146 17173 14301 
6970 14549 11282 6205 15123 7623 14620 12869 10946 11088 
16878 14549 4305 11039 312 12671 4655 9110 15155 8839 
8595 6970 10574 8868 3486 12007 12241 1855 12315 12297 
6427 14690 11063 6098 2861 10946 6028 4305 2429 3370 
6858 16138 7616 17087 482 6349 11264 5316 17626 9755 
5787 12073 13592 15787 1072 13672 5613 16706 7280 15295 
3937 3916 5514 456 14453 8831 11151 5471 15921 11397 
6970 12292 12869 570 7056 6973 7229 14549 16667 8903 
13650 10358 3937 4655 9627 6205 6286 5581 14690 1904 
12231 8781 11063 11282 13592 6474 29 17153 9959 1797 
14102 12581 7623 15581 12160 2341 3332 4042 11172 6234 
11606 885 3623 2121 12160 7233 6098 10773 356 4344 
17156 12869 4305 4544 8595 6614 16383 13727 5581 6205 
1469 885 12965 1219 5084 12784 190 16264 5581 9627 
2912 12231 11606 2121 885 15921 13081 10773 10450 10831 
17626 15204 12469 11442 9339 15123 7623 14549 14102 14690 
14453 456 2371 190 12784 16301 17148 6036 9235 10417 
4305 1109 1469 3370 757 14357 7766 13401 7363 6738 
14690 11520 10946 5925 14549 11021 2341 14381 9470 16953 
13650 16127 16383 11676 12910 16953 5292 12671 12316 15123 
16667 16127 12316 7233 16241 8595 5292 16953 11780 14239 
12231 17354 7616 13401 14453 456 8742 14643 17763 5344 
14312 11282 13727 13613 6133 8903 11313 15106 10729 15470 
4995 17168 5495 3937 3426 15061 17323 12316 1306 12469 
11442 17626 12869 12337 4576 12154 3370 13358 12469 1219 
14312 9959 9339 6971 16878 3924 1797 1427 14589 606 
3961 12910 16376 7233 12671 5316 16241 15204 17354 6843 
1219 9470 1306 14690 11021 3937 16241 4431 3623 15123 
12298 16376 13461 12671 7233 12910 6691 6036 8386 4950 
1219 1961 15204 16241 17168 13254 12910 2371 3370 442 
10549 12965 12231 10946 13254 14998 2341 14453 14620 174 
8643 17323 5084 7429 10079 3623 3937 4344 6133 14102 
15581 6036 17307 2873 16081 2579 15763 13581 2371 5806 
15424 8781 1864 11282 3150 16376 11063 17156 570 17153 
3370 5861 14690 13613 14239 5613 15424 6098 16968 10450 
5316 16878 4431 14620 6843 1219 1306 12910 15204 482 
5923 14690 5925 3859 8781 5400 14549 1961 15106 1904 
5084 14102 7766 12965 4265 11811 6036 1219 15581 885 
16241 787 328 330 5362 12205 12070 871 174 10087 
12292 5400 11021 7056 7229 13358 885 3961 1109 14620 
12917 13727 4305 16376 11282 885 6970 984 6273 12231 
12869 13727 11063 4265 4431 17168 5731 16271 2861 2742 
8781 7192 757 5613 17681 5091 9928 8225 12936 2056 
6133 12671 6036 2371 9470 312 16127 5180 5292 3924 
9959 5923 15754 14357 16271 13301 12604 14239 8446 5731 
3370 12965 2912 11606 14690 12917 17626 885 11442 11088 
17153 16451 1541 4576 12581 1904 1864 10549 12160 14549 
11148 1904 7233 13401 9616 13049 16241 4431 4744 3961 
13254 5581 7192 16264 6970 9627 14311 312 16953 9959 
5613 570 5861 15424 14620 13727 14381 3281 1864 5731 
14537 11811 6843 11282 9339 5316 15123 13461 14366 13049 
15921 10773 5731 1797 8903 1201 9050 17153 6796 14357 
10946 12298 9110 10377 6828 4355 1427 13650 12033 16285 
1864 12083 12231 456 14453 7785 6449 17380 13839 2014 
11088 5316 1961 3604 6509 8742 14049 6858 27 9644 
6328 311 12880 1718 14357 8078 5537 16639 16451 15106 
9755 6286 4744 5316 11282 13254 15069 11163 7616 269 
6028 14381 6427 15424 8781 13727 14549 11520 2451 6970 
14102 17354 885 15204 10549 13049 16081 15115 5806 1072 
1624 2429 17559 2861 2451 12292 6970 13613 17156 12160 
1904 7192 17168 15069 11163 269 13128 12183 16710 17307 
3150 14102 7634 4344 11606 6204 6858 16968 9591 17386 
11336 11039 14620 3961 14537 14312 1904 11282 3623 4639 
12298 12910 6286 11148 15204 16241 9339 5316 12671 13461 
15204 12469 12316 2151 6286 11148 6843 14711 14717 3578 
2121 12083 14381 15061 6385 8831 5225 5514 13081 10773 
4576 17307 14620 1109 15581 15123 3937 11264 4305 16376 
2861 15424 14357 8781 6028 8595 13613 2371 6449 5537 
8326 15645 12033 14214 5787 14889 5990 14600 4828 5344 
14148 7154 17214 8180 5731 15155 13621 6719 8839 9188 
7616 14102 9755 4655 2341 4122 16878 4576 1541 10358 
12671 4344 17156 16376 11039 14549 4639 1109 6029 12910 
3623 11606 2341 4971 356 1469 29 17188 16342 17173 
15645 16739 1072 8386 4950 10606 11313 14273 14573 10773 
12292 1469 11151 4471 8903 8595 6028 312 3916 12231 
17156 13358 4355 13049 14537 6028 17307 6759 15562 298 
13080 1306 3937 11181 6133 12154 1427 2199 3637 2371 
6036 3924 14453 4431 456 9470 467 11442 17626 8635 
13080 12869 7233 11676 6973 16953 16241 16376 15204 13101 
12337 14927 6614 3604 1753 12154 8903 12292 10167 6796 
16376 14102 3961 11076 15581 14312 14537 1219 6474 9339 
3281 14312 7233 885 13461 3755 11172 7970 16702 871 
570 11063 5925 7903 10450 15424 2121 10831 5792 16081 
12073 11282 6286 11520 7616 5091 17681 1143 9928 2451 
16376 12231 10358 6286 8781 16878 9616 15069 11163 16710 
4471 12604 14690 5495 11088 2781 1109 10041 16706 11282 
2151 15123 17323 3150 10946 6385 3426 12880 16081 12469 
16383 14690 16376 9959 1797 9050 6028 12292 7280 7766 
12231 14102 1864 11606 11282 570 6205 14549 7903 12965 
3623 15581 14102 1961 17168 14573 1541 12154 5344 8742 
14927 16667 12073 885 6286 12869 2912 8903 1904 4265 
12231 11489 14049 15757 5317 5923 10224 16881 6195 15754 
14148 4344 1904 2121 174 5316 16241 3859 9755 16881 
6843 14643 14711 6970 5317 16081 11270 5308 8437 15306 
13650 1797 2781 13727 10946 2861 9959 3863 12434 16764 
11313 14312 11606 885 4305 29 11039 15470 14453 4950 
9253 8805 7585 6444 11572 11164 6116 2455 17423 9329 
6973 11076 4355 15424 14357 8763 5923 6832 1718 5537 
15123 16383 16667 4576 14311 16081 16127 5292 4697 3537 
5923 5694 11151 12837 2177 3370 8850 174 15150 289 
3824 482 10606 12493 6349 6719 10624 10784 707 14046 
2861 11039 14102 1219 17156 11811 9470 6029 4639 17168 
15581 14102 7616 1961 17307 11264 13581 13886 1702 6234 
3863 757 5990 5238 5153 13672 6365 12154 10230 2579 
10729 12231 13650 5084 16953 11039 7233 1109 11676 15123 
2371 2341 6036 6133 5495 4471 11313 6738 17173 240 
5731 6973 12160 4265 2781 3863 6204 5990 15069 11163 
15106 8643 14409 15123 1904 6971 15843 10357 3253 11442 
4639 14549 11282 14409 17153 16953 8326 11151 9727 29 
11780 11282 12869 14620 17156 6205 14366 4122 11088 10041 
14357 6738 5091 17681 2451 9928 8225 11181 12936 240 
5316 7623 9959 5938 14589 1798 9881 7239 14481 4544 
13080 10549 7415 3604 16498 17473 13072 4134 14055 13301 
2451 13194 10946 2781 3937 11520 7192 14724 12581 14453 
8595 11088 9616 6843 757 5111 3332 10582 3961 11063 
1143 6385 2781 10167 29 11520 4305 6427 16871 3623 
9339 14102 4431 7616 12316 6614 4544 17708 9187 3147 
2451 16376 4122 15843 13461 7616 10729 6029 4576 11520 
12292 3289 6427 4344 3281 17354 16639 7429 10079 7741 
16081 6738 15470 8392 12731 16953 2371 11039 3937 9627 
1797 12337 13461 7233 14148 11520 5495 8392 10946 10357 
10041 5938 15123 3937 16953 984 1797 6691 29 16241 
15123 6286 14312 15581 6691 16764 2659 10377 14295 9616 
15921 8158 6098 8326 570 3961 11811 6973 16667 11088 
9727 16451 7744 13592 2781 15393 14312 6427 12316 6028 
2781 8326 14549 1864 6973 6036 12581 17156 11606 7766 
11336 11063 16878 2861 5731 6098 10773 9591 12292 10169 
14453 17354 6971 6286 3623 570 456 4950 11336 8643 
16953 11520 3370 2451 3937 12869 8643 7229 7192 7056 
14690 12316 6971 11063 12917 2861 16271 9591 6195 8914 
4265 10946 2912 3961 14549 11088 13613 174 3863 5990 
15393 2121 570 4305 1109 885 3961 13650 11021 2341 
14549 8326 7429 12869 10079 2451 12292 11520 7741 4639 
14301 16146 5759 11606 16953 8115 5731 1143 12292 11661 
14549 6973 13613 1864 5861 15424 6098 5731 14357 17338 
5731 5613 9050 17156 3961 9827 12604 174 6273 5787 
3623 3961 570 9470 4344 3105 13650 1306 14366 719 
14381 12581 4344 5861 11021 11313 8158 4355 13358 13579 
16241 15581 6286 16376 11148 6691 14366 14312 2151 13650 
16878 14537 6286 12231 15123 4122 15392 11836 14659 16338 
6133 14239 456 16383 3961 11021 4305 10946 10582 8386 
8326 11181 11811 14998 6133 6028 12581 12869 6205 8903 
14927 6098 8326 4639 2861 8595 7192 10773 10450 9727 
15204 5084 14312 6286 3105 10167 15106 2451 1109 6474 
3924 14453 14724 6133 5400 4305 14239 2781 9627 17087 
5861 12316 1904 6843 16953 11780 12298 9959 11676 4995 
570 12083 6427 10450 10041 15757 3961 15393 5731 4632 
16127 3937 6036 14620 16878 2371 11063 6973 11088 5292 
3961 2912 12731 1961 12154 15470 10905 17763 4971 12337 
3859 13080 15886 14643 6041 5923 5344 11811 3105 4744 
6328 8686 5581 14690 7192 3916 12160 9627 10946 2861 
2371 6858 6036 9755 1904 4471 1179 4355 11264 13922 
16953 7744 8903 11282 12316 4305 3105 15123 16376 14927 
311 2341 16062 7192 13613 4344 14453 8446 3319 11811 
3623 13049 11039 3370 3604 14049 14927 442 7363 17188 
12316 7623 8446 17084 15581 12469 12890 15115 2371 8953 
1904 7233 3623 12154 15204 13650 11148 14239 12337 3863 
13049 5316 14659 10358 15581 14537 14102 4576 16138 15392 
14312 6286 5316 13650 6691 16953 12298 9110 10377 16376 
16271 2861 7634 5581 1219 14453 5861 11520 11811 3150 
174 13613 3150 6973 5923 16127 2177 6036 5292 6273 
16383 16127 6973 13650 5292 12292 15921 7623 9339 12910 
12581 6973 16451 481 2577 5694 11172 6449 2742 16791 
17168 11811 2371 29 12731 9339 1961 13080 10946 6286 
8903 14690 14927 5317 9959 9727 10927 5570 2094 14357 
6286 14537 1144 16667 6971 13461 16953 14312 15581 16383 
570 6973 17156 16953 11606 8903 11151 12292 16127 15921 
14453 1109 12160 456 14239 4471 11811 2341 3623 1864 
5925 8781 15424 16301 12833 8643 8595 1864 2781 14312 
14049 10041 9253 3078 8595 11780 14453 11520 7056 7229 
10946 11606 885 15843 11021 1797 16706 3609 13762 16127 
14711 17087 13401 10819 5053 9253 6796 3105 17626 13672 
12292 2451 8781 17153 1864 11606 14239 6028 7056 14960 
15843 11282 14312 13727 12869 11336 11811 16706 14927 6973 
4995 12316 16953 5495 14102 2781 1797 6273 4042 14381 
9616 1469 4122 3150 4639 11282 12880 4305 6474 15061 
7616 16376 8781 4122 14573 14659 1541 15392 7623 2151 
11076 13650 5495 17354 12910 12469 6474 12917 12731 11313 
14549 6970 6427 5925 14927 16953 5861 1904 12869 8326 
15581 15123 16376 14537 5316 14312 17168 2151 14366 6971 
4655 12073 6036 12671 4431 7616 3604 9339 3961 11039 
14537 15581 1904 14620 12910 29 4471 12298 9110 10946 
14549 16376 7233 312 14927 6407 3824 6828 7363 11314 
1904 13727 15123 14312 11063 10946 14690 8326 8595 5581 
11336 7744 14711 10582 10041 10946 5400 3961 7229 7056 
8392 17323 11811 1219 12965 1961 5495 1864 14998 17354 
14312 3637 15843 14366 16241 2185 4744 3426 15470 4655 
12337 11088 3937 6796 11520 12160 2451 14690 1864 14239 
11282 3961 15106 11088 5225 1101 11442 6029 13922 17626 
3105 4576 6286 16667 5316 2151 6205 14148 29 2161 
1743 14724 11780 6133 570 4950 3961 13194 1904 15754 
7233 16376 11336 16383 16764 11313 10169 4265 10122 15392 
15123 12671 16241 14148 15581 11676 6843 4995 12298 10377 
7616 9616 15581 6286 16138 11336 10169 13762 1560 17087 
11282 6738 1541 17156 6286 16222 8831 240 3314 13081 
12581 12083 5400 11076 15921 16342 6029 14600 16702 8831 
6973 3150 4344 570 4305 11606 17156 2912 174 6028 
12231 2121 5925 11606 3370 6427 6098 12292 5225 15424 
2912 17323 8392 3863 6273 16127 5292 6858 9727 17168 
13358 885 12581 11811 13727 14620 6205 14357 14381 7232 
6970 15754 14927 8781 12083 6407 12342 1743 9959 9204 
12869 4639 11282 1179 1904 2861 5861 14102 8903 13592 
13254 174 16739 5990 16968 4804 13592 1641 10357 2177 
1469 5344 4632 8643 4950 15757 13613 6449 12880 16764 
1904 14301 16881 16146 5759 1469 14239 11520 8115 2451 
17168 2912 6474 3445 472 1740 10969 10661 13099 871 
11606 570 6028 6973 11282 12869 14239 12231 2121 14549 
11336 3859 8763 11076 9470 16878 14549 9616 10169 14659 
885 17354 6474 10357 6041 16521 8392 15787 17338 12798 
